1.000000000000000000e+00 9.537547117579590061e-01 8.281272162546355897e-01 9.664221103500872934e-01 9.838063842502117184e-01 9.733384848533596090e-01 9.386379363369105056e-01 8.823530862751438608e-01 8.061585953359252654e-01 7.123453828875651039e-01 9.373361214855179258e-01 9.311446424170725100e-01 9.004707452692356506e-01 8.481319206911569486e-01 7.762335529807188328e-01 8.401038554796597113e-01
9.537547117579590061e-01 1.000000000000000000e+00 9.537547117579590061e-01 8.727416092682611648e-01 9.367463492207314113e-01 9.747878305271068244e-01 9.873134408723031052e-01 9.747878305271068244e-01 9.367463492207314113e-01 8.727416092682611648e-01 9.004707452692356506e-01 9.378481186518601298e-01 9.502113145437435238e-01 9.378481186518601298e-01 9.004707452692356506e-01 8.894426649686069108e-01
8.281272162546355897e-01 9.537547117579590061e-01 1.000000000000000000e+00 7.123453828875651039e-01 8.061585953359252654e-01 8.823530862751438608e-01 9.386379363369105056e-01 9.733384848533596090e-01 9.838063842502117184e-01 9.664221103500872934e-01 7.762335529807188328e-01 8.481319206911569486e-01 9.004707452692356506e-01 9.311446424170725100e-01 9.373361214855179258e-01 8.401038554796597113e-01
9.664221103500872934e-01 8.727416092682611648e-01 7.123453828875651039e-01 1.000000000000000000e+00 9.852461778814990412e-01 9.448336448038753277e-01 8.839559689344282933e-01 8.061502897753606289e-01 7.139214429835145648e-01 6.105518211343391455e-01 9.664221103500872934e-01 9.296656228197487382e-01 8.727416092682611648e-01 7.993407829401393272e-01 7.123453828875651039e-01 8.386825221781794015e-01
9.838063842502117184e-01 9.367463492207314113e-01 8.061585953359252654e-01 9.852461778814990412e-01 1.000000000000000000e+00 9.865658095109928194e-01 9.487831426594424133e-01 8.894426649686069108e-01 8.103410491224926071e-01 7.139214429835145648e-01 9.838063842502117184e-01 9.720262302949960187e-01 9.367463492207314113e-01 8.807515437117682255e-01 8.061585953359252654e-01 9.001894517947278684e-01
9.733384848533596090e-01 9.747878305271068244e-01 8.823530862751438608e-01 9.448336448038753277e-01 9.865658095109928194e-01 1.000000000000000000e+00 9.873134408723031052e-01 9.502113145437435238e-01 8.894426649686069108e-01 8.061502897753606289e-01 9.733384848533596090e-01 9.865194956346958755e-01 9.747878305271068244e-01 9.397274314576483656e-01 8.823530862751438608e-01 9.367463492207314113e-01
9.386379363369105056e-01 9.873134408723031052e-01 9.386379363369105056e-01 8.839559689344282933e-01 9.487831426594424133e-01 9.873134408723031052e-01 1.000000000000000000e+00 9.873134408723031052e-01 9.487831426594424133e-01 8.839559689344282933e-01 9.386379363369105056e-01 9.752113316082240413e-01 9.873134408723031052e-01 9.752113316082240413e-01 9.386379363369105056e-01 9.487831426594424133e-01
8.823530862751438608e-01 9.747878305271068244e-01 9.733384848533596090e-01 8.061502897753606289e-01 8.894426649686069108e-01 9.502113145437435238e-01 9.873134408723031052e-01 1.000000000000000000e+00 9.865658095109928194e-01 9.448336448038753277e-01 8.823530862751438608e-01 9.397274314576483656e-01 9.747878305271068244e-01 9.865194956346958755e-01 9.733384848533596090e-01 9.367463492207314113e-01
8.061585953359252654e-01 9.367463492207314113e-01 9.838063842502117184e-01 7.139214429835145648e-01 8.103410491224926071e-01 8.894426649686069108e-01 9.487831426594424133e-01 9.865658095109928194e-01 1.000000000000000000e+00 9.852461778814990412e-01 8.061585953359252654e-01 8.807515437117682255e-01 9.367463492207314113e-01 9.720262302949960187e-01 9.838063842502117184e-01 9.001894517947278684e-01
7.123453828875651039e-01 8.727416092682611648e-01 9.664221103500872934e-01 6.105518211343391455e-01 7.139214429835145648e-01 8.061502897753606289e-01 8.839559689344282933e-01 9.448336448038753277e-01 9.852461778814990412e-01 1.000000000000000000e+00 7.123453828875651039e-01 7.993407829401393272e-01 8.727416092682611648e-01 9.296656228197487382e-01 9.664221103500872934e-01 8.386825221781794015e-01
9.373361214855179258e-01 9.004707452692356506e-01 7.762335529807188328e-01 9.664221103500872934e-01 9.838063842502117184e-01 9.733384848533596090e-01 9.386379363369105056e-01 8.823530862751438608e-01 8.061585953359252654e-01 7.123453828875651039e-01 1.000000000000000000e+00 9.879393293663890629e-01 9.537547117579590061e-01 8.998632895173130919e-01 8.281272162546355897e-01 9.440546756648808824e-01
9.311446424170725100e-01 9.378481186518601298e-01 8.481319206911569486e-01 9.296656228197487382e-01 9.720262302949960187e-01 9.865194956346958755e-01 9.752113316082240413e-01 9.397274314576483656e-01 8.807515437117682255e-01 7.993407829401393272e-01 9.879393293663890629e-01 1.000000000000000000e+00 9.884963388830153574e-01 9.548168270998643736e-01 8.998632895173130919e-01 9.759828581704953487e-01
9.004707452692356506e-01 9.502113145437435238e-01 9.004707452692356506e-01 8.727416092682611648e-01 9.367463492207314113e-01 9.747878305271068244e-01 9.873134408723031052e-01 9.747878305271068244e-01 9.367463492207314113e-01 8.727416092682611648e-01 9.537547117579590061e-01 9.884963388830153574e-01 1.000000000000000000e+00 9.884963388830153574e-01 9.537547117579590061e-01 9.865658095109928194e-01
8.481319206911569486e-01 9.378481186518601298e-01 9.311446424170725100e-01 7.993407829401393272e-01 8.807515437117682255e-01 9.397274314576483656e-01 9.752113316082240413e-01 9.865194956346958755e-01 9.720262302949960187e-01 9.296656228197487382e-01 8.998632895173130919e-01 9.548168270998643736e-01 9.884963388830153574e-01 1.000000000000000000e+00 9.879393293663890629e-01 9.759828581704953487e-01
7.762335529807188328e-01 9.004707452692356506e-01 9.373361214855179258e-01 7.123453828875651039e-01 8.061585953359252654e-01 8.823530862751438608e-01 9.386379363369105056e-01 9.733384848533596090e-01 9.838063842502117184e-01 9.664221103500872934e-01 8.281272162546355897e-01 8.998632895173130919e-01 9.537547117579590061e-01 9.879393293663890629e-01 1.000000000000000000e+00 9.440546756648808824e-01
8.401038554796597113e-01 8.894426649686069108e-01 8.401038554796597113e-01 8.386825221781794015e-01 9.001894517947278684e-01 9.367463492207314113e-01 9.487831426594424133e-01 9.367463492207314113e-01 9.001894517947278684e-01 8.386825221781794015e-01 9.440546756648808824e-01 9.759828581704953487e-01 9.865658095109928194e-01 9.759828581704953487e-01 9.440546756648808824e-01 1.000000000000000000e+00
