1.000000000000000000e+00 9.839531692272116548e-01 9.376158608710164488e-01 9.956402754056191684e-01 9.958310611307096272e-01 9.957622077736761890e-01 9.034913247109710444e-01 9.035223863240072761e-01 9.035848616308302939e-01 9.034117488411858021e-01 6.666269997330671604e-01 6.969432825629618966e-01 7.709906389415936978e-01 8.389648953976618362e-01 8.635577740253017609e-01 7.710439501571810794e-01
9.839531692272116548e-01 1.000000000000000000e+00 9.839531692272116548e-01 9.635007660294064857e-01 9.639495533476500899e-01 9.639907120630465398e-01 9.639875332295595456e-01 9.639907120630465398e-01 9.639495533476500899e-01 9.635007660294064857e-01 7.709906389415936978e-01 7.988193056935305458e-01 8.635577740253017609e-01 9.182255410330425471e-01 9.364455907055569961e-01 8.635209034121261729e-01
9.376158608710164488e-01 9.839531692272116548e-01 1.000000000000000000e+00 9.034117488411858021e-01 9.035848616308302939e-01 9.035223863240072761e-01 9.957279751073446761e-01 9.957622077736761890e-01 9.958310611307096272e-01 9.956402754056191684e-01 8.635577740253017609e-01 8.864952576395966899e-01 9.364455907055569961e-01 9.730422480313819511e-01 9.834443453922143696e-01 9.365103425329469600e-01
9.956402754056191684e-01 9.635007660294064857e-01 9.034117488411858021e-01 1.000000000000000000e+00 9.997436194698950951e-01 9.994917523296552586e-01 8.630453505735198316e-01 8.631188727984452358e-01 8.633363746254208992e-01 8.635577740253017609e-01 6.112963583606140228e-01 6.419534715438320882e-01 7.185133812707945600e-01 7.911426114888805428e-01 8.182800719256874133e-01 7.186944432056658894e-01
9.958310611307096272e-01 9.639495533476500899e-01 9.035848616308302939e-01 9.997436194698950951e-01 1.000000000000000000e+00 9.999573038257719704e-01 8.634975634675972067e-01 8.635209034121261729e-01 8.635577740253017609e-01 8.633363746254208992e-01 6.114134956659801334e-01 6.422138991016493881e-01 7.188480563482535501e-01 7.914635620675879446e-01 8.184368716863095194e-01 7.188787497206005073e-01
9.957622077736761890e-01 9.639907120630465398e-01 9.035223863240072761e-01 9.994917523296552586e-01 9.999573038257719704e-01 1.000000000000000000e+00 8.635549263771493678e-01 8.635577740253017609e-01 8.635209034121261729e-01 8.631188727984452358e-01 6.113712215560881402e-01 6.422255744355611640e-01 7.188787497206005073e-01 7.914779507336989761e-01 8.183802836481020027e-01 7.188480563482535501e-01
9.034913247109710444e-01 9.639875332295595456e-01 9.957279751073446761e-01 8.630453505735198316e-01 8.634975634675972067e-01 8.635549263771493678e-01 1.000000000000000000e+00 9.999967024231174451e-01 9.999302761673676265e-01 9.994066135848752586e-01 9.034913247109710444e-01 9.233169675324074399e-01 9.639875332295595456e-01 9.899225668578554016e-01 9.957279751073446761e-01 9.639234989359795058e-01
9.035223863240072761e-01 9.639907120630465398e-01 9.957622077736761890e-01 8.631188727984452358e-01 8.635209034121261729e-01 8.635577740253017609e-01 9.999967024231174451e-01 1.000000000000000000e+00 9.999573038257719704e-01 9.994917523296552586e-01 9.035223863240072761e-01 9.233263033625004335e-01 9.639907120630465398e-01 9.899325761495875176e-01 9.957622077736761890e-01 9.639495533476500899e-01
9.035848616308302939e-01 9.639495533476500899e-01 9.958310611307096272e-01 8.633363746254208992e-01 8.635577740253017609e-01 8.635209034121261729e-01 9.999302761673676265e-01 9.999573038257719704e-01 1.000000000000000000e+00 9.997436194698950951e-01 9.035848616308302939e-01 9.233095177604776493e-01 9.639495533476500899e-01 9.899145796794426300e-01 9.958310611307096272e-01 9.639907120630465398e-01
9.034117488411858021e-01 9.635007660294064857e-01 9.956402754056191684e-01 8.635577740253017609e-01 8.633363746254208992e-01 8.631188727984452358e-01 9.994066135848752586e-01 9.994917523296552586e-01 9.997436194698950951e-01 1.000000000000000000e+00 9.034117488411858021e-01 9.229351016303439792e-01 9.635007660294064857e-01 9.895131541780727291e-01 9.956402754056191684e-01 9.637435636132715144e-01
6.666269997330671604e-01 7.709906389415936978e-01 8.635577740253017609e-01 6.112963583606140228e-01 6.114134956659801334e-01 6.113712215560881402e-01 9.034913247109710444e-01 9.035223863240072761e-01 9.035848616308302939e-01 9.034117488411858021e-01 1.000000000000000000e+00 9.986624134924644292e-01 9.839531692272116548e-01 9.536152083520292866e-01 9.376158608710164488e-01 9.840212060319187826e-01
6.969432825629618966e-01 7.988193056935305458e-01 8.864952576395966899e-01 6.419534715438320882e-01 6.422138991016493881e-01 6.422255744355611640e-01 9.233169675324074399e-01 9.233263033625004335e-01 9.233095177604776493e-01 9.229351016303439792e-01 9.986624134924644292e-01 1.000000000000000000e+00 9.917622245511298340e-01 9.674674526287800891e-01 9.536152083520292866e-01 9.917441948189086309e-01
7.709906389415936978e-01 8.635577740253017609e-01 9.364455907055569961e-01 7.185133812707945600e-01 7.188480563482535501e-01 7.188787497206005073e-01 9.639875332295595456e-01 9.639907120630465398e-01 9.639495533476500899e-01 9.635007660294064857e-01 9.839531692272116548e-01 9.917622245511298340e-01 1.000000000000000000e+00 9.917622245511298340e-01 9.839531692272116548e-01 9.999573038257719704e-01
8.389648953976618362e-01 9.182255410330425471e-01 9.730422480313819511e-01 7.911426114888805428e-01 7.914635620675879446e-01 7.914779507336989761e-01 9.899225668578554016e-01 9.899325761495875176e-01 9.899145796794426300e-01 9.895131541780727291e-01 9.536152083520292866e-01 9.674674526287800891e-01 9.917622245511298340e-01 1.000000000000000000e+00 9.986624134924644292e-01 9.917441948189086309e-01
8.635577740253017609e-01 9.364455907055569961e-01 9.834443453922143696e-01 8.182800719256874133e-01 8.184368716863095194e-01 8.183802836481020027e-01 9.957279751073446761e-01 9.957622077736761890e-01 9.958310611307096272e-01 9.956402754056191684e-01 9.376158608710164488e-01 9.536152083520292866e-01 9.839531692272116548e-01 9.986624134924644292e-01 1.000000000000000000e+00 9.840212060319187826e-01
7.710439501571810794e-01 8.635209034121261729e-01 9.365103425329469600e-01 7.186944432056658894e-01 7.188787497206005073e-01 7.188480563482535501e-01 9.639234989359795058e-01 9.639495533476500899e-01 9.639907120630465398e-01 9.637435636132715144e-01 9.840212060319187826e-01 9.917441948189086309e-01 9.999573038257719704e-01 9.917441948189086309e-01 9.840212060319187826e-01 1.000000000000000000e+00
